-1001.6906195674846
-1001.1056601727055
-1001.1056601727055
-1001.1056601727055
-1001.6904611733092
-1001.6904611733092
-1001.1056601727055
-1001.1056601727055
-1001.1056601727055
-1001.1056601727055
-1001.1056601727055
-1001.1056601727055
-1001.1056601727055
-1001.1056601727055
-1001.1056601727055
-1001.1056601727055
-1001.1056601727055
-1001.1056601727055
-1001.1056601727055
-1001.1056601727055
-1001.1056601727055
-1001.1056601727055
-1001.1056601727055
-1001.1056601727055
-1001.1056601727055
-1001.1056601727055
-1001.6904611733092
-1001.1056601727055
-1001.6904611733092
-1001.1056601727055
-1001.6904611733092
-1001.1056601727055
-1001.1056601727055
-1001.1056601727055
-1001.6904611733092
-1001.1056601727055
-1001.1056601727055
-1001.1056601727055
-1001.1056601727055
-1001.1056601727055
-1001.1056601727055
-1001.1056601727055
-1001.1056601727055
-1003.6669088455965
-1001.1056601727055
-1001.1056601727055
-1001.1056601727055
-1001.1056601727055
-1001.1056601727055
-1001.6905895437235
-1001.1056601727055
-1001.1056601727055
-1001.1056601727055
-1001.1056601727055
-1001.1056601727055
-1001.1056601727055
-1001.1056601727055
-1001.6904611733092
-1001.1056601727055
-1001.1056601727055
-1001.1056601727055
-1001.1056601727055
-1001.1056601727055
-1001.1056601727055
-1001.1056601727055
-1002.275434025952
-1001.1056601727055
-1001.1056601727055
-1001.1056601727055
-1002.9353324702746
-1002.275434025952
-1003.8218921155625
-1001.1056601727055
-1002.6519971379861
-1001.6904611733092
-1004.9915655571865
-1001.1056601727055
-1001.1056601727055
-1001.1056601727055
-1001.1056601727055
-1001.1056601727055
-1001.1056601727055
-1001.1056601727055
-1001.1056601727055
-1002.2755727503962
-1001.1056601727055
-1001.1056601727055
-1001.6904611733092
-1001.1056601727055
-1001.1056601727055
-1001.1056601727055
-1001.1056601727055
-1001.1056601727055
-1001.1056601727055
-1001.1056601727055
-1001.6904611733092
-1001.1056601727055
-1001.6904611733092
-1001.6904611733092
-1001.1056601727055
-1001.1056601727055
-1002.3719992403555
-1001.1056601727055
-1001.1056601727055
-1001.1056601727055
-1001.1056601727055
-1001.1056601727055
-1001.1056601727055
-1001.1056601727055
-1001.1056601727055
-1001.1056601727055
-1001.1056601727055
-1001.1056601727055
-1001.1056601727055
-1001.1056601727055
-1001.1056601727055
-1001.1056601727055
-1001.1056601727055
-1002.2755499737231
-1001.1056601727055
-1001.1056601727055
-1001.1056601727055
-1001.1056601727055
-1001.1056601727055
-1001.1056601727055
-1001.1056601727055
-1001.1056601727055
-1001.1056601727055
-1001.1056601727055
-1004.0866178291213
-1001.1056601727055
-1001.1056601727055
-1001.1056601727055
-1001.1056601727055
-1002.860537321732
-1001.1056601727055
-1001.1056601727055
-1003.2369586033925
-1001.1056601727055
-1001.1056601727055
-1001.1056601727055
-1001.1056601727055
-1001.1056601727055
-1001.1056601727055
-1001.6904611733092
-1003.2369586033925
-1001.1056601727055
-1001.1056601727055
-1001.1056601727055
-1001.6906216381119
-1001.1056601727055
-1001.1056601727055
-1001.1056601727055
-1001.1056601727055
-1001.1056601727055
-1001.6905709085999
-1001.1056601727055
-1001.1056601727055
-1001.1056601727055
-1001.690604037875
-1002.6279161293476
-1001.1056601727055
-1001.1056601727055
-1001.1056601727055
-1001.1056601727055
-1001.1056601727055
-1001.6904611733092
-1001.6904611733092
-1001.1056601727055
-1001.1056601727055
-1001.1056601727055
-1001.1056601727055
-1001.1056601727055
-1001.1056601727055
-1001.1056601727055
-1001.1056601727055
-1001.1056601727055
-1001.1056601727055
-1002.2755831035183
-1001.1056601727055
-1001.6904611733092
-1001.6904611733092
-1001.1056601727055
-1001.1056601727055
-1001.1056601727055
-1001.1056601727055
-1001.1056601727055
-1001.1056601727055
-1001.1056601727055
-1001.1056601727055
-1001.1056601727055
-1001.1056601727055
-1001.1056601727055
-1001.1056601727055
-1001.1056601727055
-1001.1056601727055
-1001.1056601727055
-1001.1056601727055
-1001.1056601727055
-1003.0939475950547
-1001.1056601727055
-1001.1056601727055
-1001.1056601727055
-1001.1056601727055
-1001.1056601727055
-1001.1056601727055
-1001.1056601727055
-1001.1056601727055
-1001.6904611733092
-1001.6904611733092
-1001.1056601727055
-1001.1056601727055
-1001.1056601727055
-1001.1056601727055
-1001.1056601727055
-1001.1056601727055
-1001.1056601727055
-1001.1056601727055
-1001.1056601727055
-1001.1056601727055
-1001.1056601727055
-1001.1056601727055
-1001.1056601727055
-1001.1056601727055
-1001.1056601727055
-1001.1056601727055
-1001.1056601727055
-1001.1056601727055
-1001.1056601727055
-1001.1056601727055
-1001.1056601727055
-1001.6904611733092
-1001.1056601727055
-1001.1056601727055
-1001.1056601727055
-1001.1056601727055
-1001.6904611733092
-1001.1056601727055
-1001.1056601727055
-1001.1056601727055
-1002.5861335231583
-1001.1056601727055
-1001.1056601727055
-1001.1056601727055
-1001.1056601727055
-1001.1056601727055
-1001.1056601727055
-1001.1056601727055
-1001.1056601727055
-1001.1056601727055
-1001.1056601727055
-1001.6904611733092
-1001.1056601727055
-1001.1056601727055
-1001.6904611733092
-1001.6904611733092
-1001.1056601727055
-1001.1056601727055
-1001.1056601727055
-1001.1056601727055
-1001.1056601727055
-1001.1056601727055
-1001.1056601727055
-1001.1056601727055
-1001.1056601727055
-1001.1056601727055
-1002.1921009636857
-1001.1056601727055
-1002.992218254288
-1001.1056601727055
-1001.1056601727055
-1001.1056601727055
-1001.1056601727055
-1001.6906154262391
-1001.1056601727055
-1001.6904611733092
-1001.6904611733092
-1001.1056601727055
-1001.1056601727055
-1001.1056601727055
-1001.1056601727055
-1001.1056601727055
-1001.1056601727055
-1001.1056601727055
-1001.1056601727055
-1001.1056601727055
-1001.1056601727055
-1001.1056601727055
-1001.1056601727055
-1001.1056601727055
-1001.1056601727055
-1001.1056601727055
-1001.1056601727055
-1001.1056601727055
-1001.1056601727055
-1001.1056601727055
-1001.1056601727055
-1001.1056601727055
-1001.1056601727055
-1001.1056601727055
-1001.1056601727055
-1001.1056601727055
-1001.1056601727055
-1001.1056601727055
-1001.1056601727055
-1001.1056601727055
-1001.1056601727055
-1001.1056601727055
-1001.1056601727055
-1001.1056601727055
-1001.1056601727055
-1001.1056601727055
-1001.1056601727055
-1001.1056601727055
-1001.1056601727055
-1001.1056601727055
-1001.1056601727055
-1001.1056601727055
-1001.1056601727055
-1001.1056601727055
-1001.1056601727055
-1001.1056601727055
-1001.1056601727055
-1001.1056601727055
-1001.1056601727055
-1001.1056601727055
-1001.1056601727055
-1001.1056601727055
-1001.1056601727055
-1001.1056601727055
-1001.1056601727055
-1001.1056601727055
-1001.1056601727055
-1001.1056601727055
-1001.1056601727055
-1001.1056601727055
-1001.1056601727055
-1001.1056601727055
-1001.1056601727055
-1001.1056601727055
-1001.1056601727055
-1001.1056601727055
-1001.1056601727055
-1001.1056601727055
-1001.1056601727055
-1002.2603222446552
-1001.1056601727055
-1001.1056601727055
-1001.1056601727055
-1001.1056601727055
-1001.1056601727055
-1001.1056601727055
-1001.1056601727055
-1001.1056601727055
-1002.859781742307
-1001.1056601727055
-1001.1056601727055
-1001.1056601727055
-1001.6904611733092
-1001.1056601727055
-1001.1056601727055
-1001.1056601727055
-1001.1056601727055
-1001.6904611733092
-1001.1056601727055
-1001.1056601727055
-1001.6904611733092
-1001.1056601727055
-1001.1056601727055
-1002.8604731332472
-1001.1056601727055
-1001.1056601727055
-1001.1056601727055
-1001.1056601727055
-1001.1056601727055
-1005.5642036277931
-1003.8093575379228
-1001.1056601727055
-1001.1056601727055
-1001.1056601727055
-1001.1056601727055
-1001.1056601727055
-1001.1056601727055
-1001.1056601727055
-1001.1056601727055
-1001.1056601727055
-1001.1056601727055
-1001.1056601727055
-1001.6906030025737
-1001.1056601727055
-1001.1056601727055
-1001.1056601727055
-1001.1056601727055
-1001.1056601727055
-1001.1056601727055
-1001.1056601727055
-1001.1056601727055
-1001.1056601727055
-1001.1056601727055
-1001.1056601727055
-1001.1056601727055
-1001.1056601727055
-1001.1056601727055
-1001.1056601727055
-1003.4454729045299
-1001.1056601727055
-1001.1056601727055
-1001.1056601727055
-1001.1056601727055
-1001.690604037875
-1001.1056601727055
-1001.1056601727055
-1001.1056601727055
-1001.1056601727055
-1001.1056601727055
-1001.1056601727055
-1001.1056601727055
-1001.1056601727055
-1002.2755499737231
-1001.1056601727055
-1001.1056601727055
-1002.2754040031774
-1001.1056601727055
-1001.1056601727055
-1001.6904611733092
-1001.1056601727055
-1001.1056601727055
-1001.6904611733092
-1001.1056601727055
-1001.6904611733092
-1001.1056601727055
-1001.1056601727055
-1001.1056601727055
-1001.1056601727055
-1001.1056601727055
-1001.1056601727055
-1001.1056601727055
-1001.1056601727055
-1001.1056601727055
-1001.1056601727055
-1001.1056601727055
-1002.4709602376487
-1001.1056601727055
-1001.1056601727055
-1001.1056601727055
-1001.6906206027979
-1001.1056601727055
-1001.1056601727055
-1001.1056601727055
-1001.1056601727055
-1001.6906206027979
-1002.4823831949697
-1001.1056601727055
-1001.1056601727055
-1001.1056601727055
-1001.1056601727055
-1001.1056601727055
-1001.1056601727055
-1001.1056601727055
-1001.1056601727055
-1001.1056601727055
-1001.1056601727055
-1001.1056601727055
-1001.1056601727055
-1001.1056601727055
-1001.1056601727055
-1001.1056601727055
-1001.1056601727055
-1001.1056601727055
-1001.6904611733092
-1001.1056601727055
-1001.1056601727055
-1001.1056601727055
-1001.1056601727055
-1001.1056601727055
-1001.1056601727055
-1001.6905936848948
-1001.1056601727055
-1001.1056601727055
-1001.1056601727055
-1001.1056601727055
-1001.6904611733092
-1001.1056601727055
-1001.1056601727055
-1001.1056601727055
-1001.1056601727055
-1001.6904611733092
-1001.1056601727055
-1001.1056601727055
-1001.1056601727055
-1001.1056601727055
-1001.6906174968603
-1001.1056601727055
-1001.6904611733092
-1001.1056601727055
-1001.1056601727055
-1001.1056601727055
-1001.1056601727055
-1001.1056601727055
-1001.1056601727055
-1001.1056601727055
-1001.1056601727055
-1001.1056601727055
-1001.1056601727055
-1001.1056601727055
-1001.1056601727055
-1001.1056601727055
-1001.1056601727055
-1001.1056601727055
-1001.1056601727055
-1001.1056601727055
-1001.1056601727055
-1001.1056601727055
-1001.1056601727055
-1001.1056601727055
-1001.6904611733092
-1001.6904611733092
-1001.1056601727055
-1001.6904611733092
-1001.1056601727055
-1001.1056601727055
-1001.6904611733092
-1001.1056601727055
-1001.1056601727055
-1001.1056601727055
-1001.1056601727055
-1001.1056601727055
-1001.1056601727055
-1001.1056601727055
-1001.1056601727055
-1001.1056601727055
-1001.1056601727055
-1001.1056601727055
-1001.1056601727055
-1001.1056601727055
-1001.1056601727055
-1001.1056601727055
-1001.1056601727055
-1001.1056601727055
-1001.1056601727055
-1001.1056601727055
-1001.1056601727055
-1001.1056601727055
-1001.1056601727055
-1001.6905512384526
-1001.1056601727055
-1003.704128858372
-1001.1056601727055
-1001.1056601727055
-1001.6904611733092
-1001.1056601727055
-1001.1056601727055
-1001.1056601727055
-1001.1056601727055
-1001.1056601727055
-1001.1056601727055
-1001.1056601727055
-1001.1056601727055
-1001.1056601727055
-1001.1056601727055
-1001.1056601727055
-1001.1056601727055
-1001.6906195674846
-1001.1056601727055
-1001.1056601727055
-1001.1056601727055
-1001.1056601727055
-1001.1056601727055
-1002.2414822883853
-1001.1056601727055
-1001.1056601727055
-1001.1056601727055
-1001.1056601727055
-1001.1056601727055
-1001.1056601727055
-1001.1056601727055
-1001.1056601727055
-1001.1056601727055
-1001.1056601727055
-1001.1056601727055
-1001.1056601727055
-1001.1056601727055
-1001.1056601727055
-1001.1056601727055
-1001.1056601727055
-1001.1056601727055
-1001.1056601727055
-1001.1056601727055
-1001.1056601727055
-1001.1056601727055
-1001.1056601727055
-1001.1056601727055
-1001.1056601727055
-1001.1056601727055
-1001.1056601727055
-1001.1056601727055
-1001.1056601727055
-1001.1056601727055
-1001.1056601727055
-1001.1056601727055
-1001.1056601727055
-1001.1056601727055
-1001.1056601727055
-1001.1056601727055
-1001.1056601727055
-1001.1056601727055
-1001.1056601727055
-1001.1056601727055
-1001.1056601727055
-1001.1056601727055
-1001.1056601727055
-1001.1056601727055
-1001.1056601727055
-1001.1056601727055
-1001.1056601727055
-1002.8604513924994
-1001.1056601727055
-1002.6333515217565
-1001.1056601727055
-1001.1056601727055
-1001.1056601727055
-1001.1056601727055
-1001.1056601727055
-1001.1056601727055
-1001.1056601727055
-1001.1056601727055
-1001.1056601727055
-1001.1056601727055
-1001.1056601727055
-1001.1056601727055
-1001.1056601727055
-1001.1056601727055
-1001.1056601727055
-1001.1056601727055
-1001.1056601727055
-1001.1056601727055
-1001.1056601727055
-1001.1056601727055
-1001.1056601727055
-1001.6906185321722
-1002.8603178513251
-1001.1056601727055
-1001.6904611733092
-1001.1056601727055
-1002.2755799975786
-1001.6906185321722
-1001.1056601727055
-1001.1056601727055
-1001.1056601727055
-1001.1056601727055
-1001.1056601727055
-1001.1056601727055
-1001.6906216381119
-1001.1056601727055
-1001.1056601727055
-1002.2755561855959
-1001.1056601727055
-1001.1056601727055
-1001.1056601727055
-1001.1056601727055
-1001.1056601727055
-1001.1056601727055
-1001.1056601727055
-1001.1056601727055
-1001.1056601727055
-1001.1056601727055
-1001.1056601727055
-1001.1056601727055
-1002.490287005441
-1001.1056601727055
-1001.1056601727055
-1001.1056601727055
-1001.1056601727055
-1001.1056601727055
-1001.1056601727055
-1001.1056601727055
-1001.1056601727055
-1001.1056601727055
-1001.1056601727055
-1001.1056601727055
-1001.1056601727055
-1001.1056601727055
-1001.1056601727055
-1001.1056601727055
-1001.1056601727055
-1001.1056601727055
-1001.1056601727055
-1001.1056601727055
-1001.1056601727055
-1001.1056601727055
-1001.1056601727055
-1002.0954669733105
-1001.1056601727055
-1001.690604037875
-1001.1056601727055
-1001.1056601727055
-1001.1056601727055
-1001.1056601727055
-1001.1056601727055
-1001.1056601727055
-1001.1056601727055
-1001.1056601727055
-1001.1056601727055
-1001.1056601727055
-1001.1056601727055
-1001.1056601727055
-1001.1056601727055
-1001.1056601727055
-1001.1056601727055
-1001.1056601727055
-1001.1056601727055
-1002.5322755409981
-1002.278807454287
-1001.1056601727055
-1001.1056601727055
-1001.1056601727055
-1001.1056601727055
-1001.1056601727055
-1001.1056601727055
-1001.1056601727055
-1001.6904611733092
-1001.1056601727055
-1001.1056601727055
-1001.6904611733092
-1001.6904611733092
-1001.1056601727055
-1001.6904611733092
-1001.1056601727055
-1001.6904611733092
-1001.6904611733092
-1001.6904611733092
-1001.6904611733092
-1001.1056601727055
-1001.6904611733092
-1001.1056601727055
-1001.1056601727055
-1001.6904611733092
-1001.1056601727055
-1001.1056601727055
-1001.1056601727055
-1002.2755768916395
-1001.1056601727055
-1001.1056601727055
-1001.1056601727055
-1001.1056601727055
-1001.1056601727055
-1001.1056601727055
-1001.1056601727055
-1001.1056601727055
-1001.1056601727055
-1001.1056601727055
-1001.1056601727055
-1002.0954649026847
-1001.1056601727055
-1001.1056601727055
-1001.1056601727055
-1001.1056601727055
-1001.1056601727055
-1001.1056601727055
-1001.1056601727055
-1001.1056601727055
-1001.1056601727055
-1001.1056601727055
-1001.1056601727055
-1001.1056601727055
-1001.1056601727055
-1001.1056601727055
-1001.1056601727055
-1001.1056601727055
-1002.4618321258026
-1001.1056601727055
-1001.1056601727055
-1002.4618321258026
-1002.8806082468361
-1001.1056601727055
-1001.1056601727055
-1001.1056601727055
-1001.1056601727055
-1001.1056601727055
-1001.1056601727055
-1001.1056601727055
-1001.1056601727055
-1001.1056601727055
-1001.1056601727055
-1001.1056601727055
-1001.1056601727055
-1001.1056601727055
-1001.1056601727055
-1001.1056601727055
-1001.1056601727055
-1001.1056601727055
-1001.1056601727055
-1001.1056601727055
-1001.1056601727055
-1001.1056601727055
-1001.1056601727055
-1001.1056601727055
-1001.6906195674846
-1001.1056601727055
-1001.1056601727055
-1001.1056601727055
-1001.1056601727055
-1001.1056601727055
-1001.1056601727055
-1001.1056601727055
-1001.1056601727055
-1001.1056601727055
-1001.1056601727055
-1001.1056601727055
-1001.1056601727055
-1001.6905512384526
-1001.1056601727055
-1001.1056601727055
-1001.1056601727055
-1001.1056601727055
-1001.1056601727055
-1001.1056601727055
-1001.1056601727055
-1001.1056601727055
-1001.1056601727055
-1001.1056601727055
-1001.1056601727055
-1001.1056601727055
-1001.1056601727055
-1001.1056601727055
-1001.1056601727055
-1001.1056601727055
-1001.1056601727055
-1001.1056601727055
-1001.1056601727055
-1001.1056601727055
-1001.1056601727055
-1001.1056601727055
-1002.2755768916455
-1001.1056601727055
-1002.2755810328911
-1001.1056601727055
-1001.1056601727055
-1001.1056601727055
-1001.1056601727055
-1001.1056601727055
-1001.1056601727055
-1001.1056601727055
-1001.1056601727055
-1001.1056601727055
-1001.1056601727055
-1001.1056601727055
-1001.1056601727055
-1001.1056601727055
-1001.1056601727055
-1001.1056601727055
-1001.1056601727055
-1001.1056601727055
-1001.1056601727055
-1001.1056601727055
-1001.1056601727055
-1001.1056601727055
-1001.1056601727055
-1001.1056601727055
-1001.1056601727055
-1001.1056601727055
-1001.1056601727055
-1001.1056601727055
-1001.1056601727055
-1002.2755551502819
-1001.1056601727055
-1001.1056601727055
-1001.1056601727055
-1001.6904611733092
-1001.1056601727055
-1001.6904611733092
-1001.6904611733092
-1001.6904611733092
-1001.1056601727055
-1001.1056601727055
-1001.1056601727055
-1001.1056601727055
-1001.6904611733092
-1001.1056601727055
-1001.1056601727055
-1001.1056601727055
-1001.1056601727055
-1001.1056601727055
-1001.1056601727055
-1003.6450356947328
-1001.1056601727055
-1001.1056601727055
-1001.1056601727055
-1001.1056601727055
-1002.2603222446552
-1003.6450356947328
-1002.275434025952
-1001.1056601727055
-1001.1056601727055
-1001.1056601727055
-1001.1056601727055
-1001.1056601727055
-1001.1056601727055
-1001.1056601727055
-1001.1056601727055
-1001.1056601727055
-1001.1056601727055
-1001.1056601727055
-1001.1056601727055
-1001.1056601727055
-1002.6279161293476
-1001.1056601727055
-1001.1056601727055
-1001.1056601727055
-1001.1056601727055
-1001.1056601727055
-1001.1056601727055
-1001.1056601727055
-1001.1056601727055
-1001.1056601727055
-1001.1056601727055
-1001.1056601727055
-1001.1056601727055
-1001.1056601727055
-1001.1056601727055
-1001.1056601727055
-1001.1056601727055
-1001.1056601727055
-1001.1056601727055
-1001.1056601727055
-1001.1056601727055
-1001.1056601727055
-1001.1056601727055
-1001.1056601727055
-1001.1056601727055
-1001.1056601727055
-1001.1056601727055
-1001.1056601727055
-1001.69060610848
-1001.1056601727055
-1001.1056601727055
-1002.26029739736
-1002.2755561855959
-1002.5906726916146
-1001.1056601727055
-1001.1056601727055
-1001.1056601727055
-1001.1056601727055
-1001.1056601727055
-1001.1056601727055
-1001.1056601727055
-1001.1056601727055
-1001.1056601727055
-1001.1056601727055
-1001.1056601727055
-1001.1056601727055
-1001.1056601727055
-1001.1056601727055
-1001.1056601727055
-1001.1056601727055
-1001.1056601727055
-1001.1056601727055
-1001.6906216381119
-1001.1056601727055
-1001.1056601727055
-1001.1056601727055
-1001.1056601727055
-1001.1056601727055
-1001.6906206027979
-1002.275574821022
-1001.1056601727055
-1001.1056601727055
-1001.1056601727055
-1001.1056601727055
-1001.1056601727055
-1001.1056601727055
-1001.1056601727055
-1001.1056601727055
-1001.1056601727055
-1001.1056601727055
-1001.1056601727055
-1001.6906112850054
-1001.1056601727055
-1001.1056601727055
-1001.1056601727055
-1001.1056601727055
-1001.6905512384526
-1001.1056601727055
-1001.1056601727055
-1001.1056601727055
-1001.1056601727055
-1001.1056601727055
-1001.6906195674846
-1001.1056601727055
-1001.1056601727055
-1001.1056601727055
-1001.1056601727055
-1001.1056601727055
-1002.2755799975786
-1001.1056601727055
-1001.1056601727055
-1001.1056601727055
-1001.1056601727055
-1001.1056601727055
-1001.1056601727055
-1001.1056601727055
-1001.1056601727055
-1001.1056601727055
-1001.6906133556207
-1001.1056601727055
-1001.1056601727055
-1001.1056601727055
-1001.1056601727055
-1001.1056601727055
-1001.1056601727055
-1001.1056601727055
-1001.1056601727055
-1001.1056601727055
-1001.1056601727055
-1001.1056601727055
-1001.1056601727055
-1001.1056601727055
-1001.1056601727055
-1001.1056601727055
-1001.1056601727055
-1001.1056601727055
-1001.1056601727055
-1001.1056601727055
-1001.1056601727055
-1001.1056601727055
-1001.1056601727055
-1001.1056601727055
-1001.1056601727055
-1001.1056601727055
-1001.1056601727055
-1001.1056601727055
-1001.1056601727055
-1001.1056601727055
-1001.1056601727055
-1001.1056601727055
-1001.1056601727055
-1001.690577120281
-1001.1056601727055
-1001.1056601727055
-1001.1056601727055
-1001.1056601727055
-1001.1056601727055
-1001.1056601727055
-1001.1056601727055
-1001.1056601727055
-1001.1056601727055
-1001.1056601727055
-1001.1056601727055
-1001.1056601727055
-1001.1056601727055
-1001.1056601727055
-1001.1056601727055
-1001.1056601727055
-1001.1056601727055
-1001.1056601727055
-1001.1056601727055
-1001.1056601727055
-1001.1056601727055
-1001.1056601727055
-1001.1056601727055
-1001.1056601727055
-1001.6904611733092
-1001.6904611733092
-1001.1056601727055
-1001.6904611733092
-1001.1056601727055
-1001.1056601727055
-1001.1056601727055
-1001.1056601727055
-1001.6906030025737
-1001.1056601727055
-1001.1056601727055
-1001.1056601727055
-1001.1056601727055
-1002.2755799975786
-1001.1056601727055
-1001.1056601727055
-1001.1056601727055
-1001.1056601727055
-1001.1056601727055
-1001.1056601727055
-1001.1056601727055
-1001.1056601727055
-1001.6906195674846
-1001.1056601727055
-1001.1056601727055
-1003.0673425897488
-1001.1056601727055
-1001.1056601727055
-1001.1056601727055
-1001.1056601727055
-1001.1056601727055
-1001.1056601727055
-1001.1056601727055
-1001.1056601727055
-1001.1056601727055
-1001.1056601727055
-1001.1056601727055
-1001.1056601727055
-1001.1056601727055
-1001.1056601727055
-1001.1056601727055
-1001.1056601727055
-1001.1056601727055
-1001.1056601727055
-1001.1056601727055
-1001.1056601727055
-1001.1056601727055
-1001.1056601727055
-1001.6904611733092
-1001.1056601727055
-1001.1056601727055
-1001.1056601727055
-1001.1056601727055
-1001.6904611733092
-1001.1056601727055
-1002.6080151483126
-1001.1056601727055
-1001.1056601727055
-1001.1056601727055
-1001.1056601727055
-1001.1056601727055
-1001.1056601727055
-1002.3503937815481
-1001.1056601727055
-1001.1056601727055
-1001.1056601727055
-1001.1056601727055
-1001.1056601727055
-1001.1056601727055
-1001.1056601727055
-1001.1056601727055
-1001.1056601727055
-1001.1056601727055
-1001.1056601727055
-1001.6905709085999
-1001.1056601727055
-1001.6904611733092
-1001.1056601727055
-1001.1056601727055
-1001.6904611733092
-1001.1056601727055
-1001.1056601727055
-1001.1056601727055
-1001.1056601727055
-1001.1056601727055
-1001.1056601727055
-1001.1056601727055
-1001.1056601727055
-1001.1056601727055
-1001.1056601727055
-1002.2755520443443
-1001.1056601727055
-1001.1056601727055
-1001.1056601727055
-1001.1056601727055
-1001.6904611733092
-1002.8603778922493
-1001.6904611733092
-1001.1056601727055
-1001.6904611733092
-1001.1056601727055
-1001.6904611733092
-1001.6904611733092
-1001.1056601727055
-1003.4442888991075
-1001.6906112850054
-1003.4450867588538
-1001.6904611733092
-1001.1056601727055
-1001.6904611733092
-1001.1056601727055
-1001.1056601727055
-1001.1056601727055
-1001.6904611733092
-1001.1056601727055
-1001.1056601727055
-1001.6904611733092
-1001.1056601727055
-1001.1056601727055
-1001.6904611733092
-1001.1056601727055
-1001.6904611733092
-1001.1056601727055
-1001.6904611733092
-1001.1056601727055
-1001.6904611733092
-1001.6904611733092
-1001.6904611733092
-1002.2754091796917
-1001.1056601727055
-1001.1056601727055
-1001.6905615911282
-1001.1056601727055
-1001.1056601727055
-1001.1056601727055
-1001.1056601727055
-1001.1056601727055
-1001.1056601727055
-1001.1056601727055
-1001.1056601727055
-1001.1056601727055
-1001.1056601727055
-1001.1056601727055
-1001.1056601727055
-1002.626532267464
-1001.1056601727055
-1001.1056601727055
-1001.1056601727055
-1001.1056601727055
-1002.2755561855959
-1001.1056601727055
-1001.1056601727055
-1001.1056601727055
-1001.1056601727055
-1001.1056601727055
-1001.1056601727055
-1001.1056601727055
-1001.1056601727055
-1001.1056601727055
-1001.1056601727055
-1001.1056601727055
-1001.1056601727055
-1001.1056601727055
-1001.1056601727055
-1002.8605404276702
-1001.1056601727055
-1001.1056601727055
-1001.1056601727055
-1001.1056601727055
-1001.1056601727055
-1001.1056601727055
-1001.1056601727055
-1001.1056601727055
-1001.1056601727055
-1001.1056601727055
-1001.1056601727055
-1001.1056601727055
-1001.1056601727055
-1001.1056601727055
-1001.1056601727055
-1001.1056601727055
-1001.1056601727055
-1001.1056601727055
-1001.1056601727055
-1001.1056601727055
-1001.1056601727055
-1001.1056601727055
-1001.1056601727055
-1001.1056601727055
-1001.1056601727055
-1001.6904611733092
-1001.1056601727055
-1001.1056601727055
-1001.1056601727055
-1001.1056601727055
-1001.1056601727055
-1001.1056601727055
-1001.1056601727055
-1001.1056601727055
-1001.6904611733092
-1003.0673425897488
-1001.6904611733092
-1001.1056601727055
-1001.1056601727055
-1001.1056601727055
-1001.1056601727055
-1001.1056601727055
-1001.1056601727055
-1001.6904611733092
-1001.1056601727055
-1001.1056601727055
-1001.1056601727055
-1001.1056601727055
-1001.1056601727055
-1001.6904611733092
-1001.6904611733092
-1001.6904611733092
-1001.1056601727055
-1001.6906154262391
-1001.1056601727055
-1001.6905967907811
-1001.1056601727055
-1002.4839477995567
-1001.1056601727055
-1001.1056601727055
-1001.1056601727055
-1001.1056601727055
-1001.1056601727055
-1001.1056601727055
-1001.1056601727055
-1001.1056601727055
-1001.1056601727055
-1001.690604037875
-1001.1056601727055
-1001.1056601727055
-1001.1056601727055
-1001.1056601727055
-1001.1056601727055
-1001.1056601727055
-1001.1056601727055
-1001.1056601727055
-1001.1056601727055
-1001.1056601727055
-1001.1056601727055
-1001.1056601727055
-1001.1056601727055
-1001.1056601727055
-1001.1056601727055
-1001.1056601727055
-1001.1056601727055
-1001.1056601727055
-1001.6906216381119
-1001.1056601727055
-1001.1056601727055
-1001.1056601727055
-1001.1056601727055
-1001.6904611733092
-1001.6904611733092
-1001.1056601727055
-1001.6904611733092
-1001.6904611733092
-1001.1056601727055
-1001.6904611733092
-1001.6904611733092
-1001.6904611733092
-1001.1056601727055
-1001.6904611733092
-1001.1056601727055
-1001.1056601727055
-1001.1056601727055
-1001.1056601727055
-1001.1056601727055
-1001.1056601727055
-1001.1056601727055
-1001.1056601727055
-1001.1056601727055
-1001.1056601727055
-1001.1056601727055
-1001.1056601727055
-1001.1056601727055
-1001.1056601727055
-1001.1056601727055
-1001.1056601727055
-1001.1056601727055
-1001.1056601727055
-1001.1056601727055
-1001.1056601727055
-1001.1056601727055
-1001.1056601727055
-1001.1056601727055
-1001.1056601727055
-1001.1056601727055
-1001.1056601727055
-1001.1056601727055
-1001.1056601727055
-1001.1056601727055
-1001.1056601727055
-1001.1056601727055
-1001.1056601727055
-1001.1056601727055
-1001.1056601727055
-1001.1056601727055
-1001.1056601727055
-1001.1056601727055
-1001.1056601727055
-1001.1056601727055
-1001.1056601727055
-1001.1056601727055
-1001.1056601727055
-1001.1056601727055
-1001.1056601727055
-1001.1056601727055
-1001.1056601727055
-1003.0541057424479
-1001.1056601727055
-1001.1056601727055
-1001.1056601727055
-1001.1056601727055
-1001.1056601727055
-1001.6906216381119
-1002.4147502300644
-1001.1056601727055
-1001.1056601727055
-1001.1056601727055
-1001.1056601727055
-1003.1874024794149
-1001.1056601727055
-1001.1056601727055
-1002.4709602376487
-1001.1056601727055
-1001.1056601727055
-1001.1056601727055
-1001.1056601727055
-1001.1056601727055
-1001.1056601727055
-1001.1056601727055
-1001.1056601727055
-1001.1056601727055
-1001.1056601727055
-1001.1056601727055
-1001.1056601727055
-1003.1873217303993
-1001.1056601727055
-1001.1056601727055
-1001.1056601727055
-1001.1056601727055
-1001.1056601727055
-1001.1056601727055
-1001.6904611733092
-1001.1056601727055
-1001.6904611733092
-1001.1056601727055
-1001.6904611733092
-1001.1056601727055
-1001.1056601727055
-1001.1056601727055
-1001.1056601727055
-1001.1056601727055
-1001.1056601727055
-1001.1056601727055
-1001.6904611733092
-1001.1056601727055
-1001.6904611733092
-1001.1056601727055
-1001.1056601727055
-1001.1056601727055
-1001.1056601727055
-1001.1056601727055
-1001.1056601727055
-1001.1056601727055
-1001.1056601727055
-1001.1056601727055
-1001.1056601727055
-1001.1056601727055
-1001.1056601727055
-1001.1056601727055
-1001.1056601727055
-1001.1056601727055
-1001.1056601727055
-1001.1056601727055
-1001.1056601727055
-1001.1056601727055
-1001.1056601727055
-1001.1056601727055
-1001.1056601727055
-1001.1056601727055
-1001.1056601727055
-1001.1056601727055
-1001.1056601727055
-1001.1056601727055
-1001.1056601727055
-1001.1056601727055
-1001.1056601727055
-1001.1056601727055
-1001.1056601727055
-1001.1056601727055
-1001.1056601727055
-1001.1056601727055
-1001.1056601727055
-1001.1056601727055
-1001.1056601727055
-1002.1921009636857
-1001.1056601727055
-1001.1056601727055
-1002.3817130058984
-1001.1056601727055
-1001.1056601727055
-1001.1056601727055
-1001.1056601727055
-1001.1056601727055
-1001.1056601727055
-1001.6906216381119
-1001.1056601727055
-1002.275512703859
-1001.1056601727055
-1001.1056601727055
-1001.1056601727055
-1001.1056601727055
-1001.1056601727055
-1001.1056601727055
-1001.1056601727055
-1001.1056601727055
-1001.1056601727055
-1001.1056601727055
-1001.1056601727055
-1001.1056601727055
-1001.1056601727055
-1001.1056601727055
-1001.1056601727055
-1001.1056601727055
-1001.1056601727055
-1001.1056601727055
-1001.1056601727055
-1001.1056601727055
-1001.1056601727055
-1001.1056601727055
-1001.1056601727055
-1001.1056601727055
-1001.1056601727055
-1001.1056601727055
-1001.1056601727055
-1001.1056601727055
-1001.1056601727055
-1001.1056601727055
-1001.1056601727055
-1001.1056601727055
-1001.1056601727055
-1001.6906195674846
-1001.1056601727055
-1001.1056601727055
-1001.1056601727055
-1001.1056601727055
-1001.1056601727055
-1001.1056601727055
-1001.1056601727055
-1001.1056601727055
-1001.1056601727055
-1001.1056601727055
-1001.1056601727055
-1001.1056601727055
-1001.1056601727055
-1001.1056601727055
-1001.1056601727055
-1001.1056601727055
-1001.1056601727055
-1001.6906216381119
-1001.1056601727055
-1001.1056601727055
-1001.1056601727055
-1001.1056601727055
-1001.1056601727055
-1001.1056601727055
-1001.1056601727055
-1001.1056601727055
-1001.1056601727055
-1001.1056601727055
-1001.1056601727055
-1001.1056601727055
-1001.1056601727055
-1001.1056601727055
-1001.1056601727055
-1001.1056601727055
-1001.1056601727055
-1001.1056601727055
-1001.1056601727055
-1002.4751407171564
-1001.1056601727055
-1001.1056601727055
-1001.1056601727055
-1001.1056601727055
-1001.1056601727055
-1001.1056601727055
-1001.1056601727055
-1001.1056601727055
-1001.1056601727055
-1001.1056601727055
-1001.6904611733092
-1001.1056601727055
-1001.6904611733092
-1001.1056601727055
-1001.1056601727055
-1001.6904611733092
-1001.1056601727055
-1001.6904611733092
-1001.6904611733092
-1001.1056601727055
-1001.1056601727055
-1001.6904611733092
-1001.1056601727055
-1001.1056601727055
-1001.1056601727055
-1001.1056601727055
-1001.1056601727055
-1001.1056601727055
-1001.1056601727055
-1001.1056601727055
-1001.1056601727055
-1001.1056601727055
-1001.1056601727055
-1001.1056601727055
-1001.1056601727055
-1001.1056601727055
-1001.1056601727055
-1001.1056601727055
-1001.1056601727055
-1001.1056601727055
-1001.1056601727055
-1002.9746896652284
-1001.1056601727055
-1001.6904611733092
-1001.1056601727055
-1001.1056601727055
-1001.1056601727055
-1001.1056601727055
-1001.1056601727055
-1001.1056601727055
-1001.1056601727055
-1002.8605062625892
-1001.1056601727055
-1001.1056601727055
-1001.6904611733092
-1001.6904611733092
-1001.6904611733092
-1001.1056601727055
-1001.1056601727055
-1001.1056601727055
-1001.1056601727055
-1001.1056601727055
-1001.1056601727055
-1001.1056601727055
-1001.1056601727055
-1001.1056601727055
-1001.1056601727055
-1001.1056601727055
-1001.1056601727055
-1001.1056601727055
-1001.6904611733092
-1001.1056601727055
-1001.1056601727055
-1001.6904611733092
-1001.6904611733092
-1001.6904611733092
-1001.1056601727055
-1001.1056601727055
-1001.1056601727055
-1001.1056601727055
-1001.1056601727055
-1001.1056601727055
-1001.1056601727055
-1001.1056601727055
-1001.1056601727055
-1001.1056601727055
-1001.1056601727055
-1001.1056601727055
-1001.1056601727055
-1001.1056601727055
-1001.1056601727055
-1001.1056601727055
-1001.1056601727055
-1001.1056601727055
-1002.2289047997929
-1001.1056601727055
-1001.1056601727055
-1001.1056601727055
-1001.1056601727055
-1001.1056601727055
-1001.1056601727055
-1001.1056601727055
-1001.1056601727055
-1001.1056601727055
-1001.1056601727055
-1001.1056601727055
-1001.1056601727055
-1001.1056601727055
-1001.1056601727055
-1001.1056601727055
-1001.1056601727055
-1001.1056601727055
-1001.1056601727055
-1001.6904611733092
-1001.1056601727055
-1001.6904611733092
-1001.1056601727055
-1001.6904611733092
-1001.1056601727055
-1001.1056601727055
-1001.1056601727055
-1001.1056601727055
-1001.1056601727055
-1001.1056601727055
-1001.1056601727055
-1001.1056601727055
-1002.2754195327759
-1001.1056601727055
-1002.2755520443443
-1001.1056601727055
-1001.6904611733092
-1001.1056601727055
-1001.1056601727055
-1001.1056601727055
-1001.1056601727055
-1001.1056601727055
-1001.1056601727055
-1001.1056601727055
-1002.1921009636857
-1001.1056601727055
-1001.1056601727055
-1001.1056601727055
-1001.1056601727055
-1002.1921009636857
-1001.1056601727055
-1001.1056601727055
-1001.1056601727055
-1001.1056601727055
-1001.1056601727055
-1001.1056601727055
-1001.6904611733092
-1001.1056601727055
-1001.1056601727055
-1001.1056601727055
-1001.1056601727055
-1001.1056601727055
-1001.1056601727055
-1001.1056601727055
-1001.1056601727055
-1001.1056601727055
-1001.1056601727055
-1001.1056601727055
-1001.1056601727055
-1001.1056601727055
-1003.4454563396285
-1001.1056601727055
-1003.7682430634495
-1001.1056601727055
-1002.5102831156923
-1002.4072567888816
-1001.1056601727055
-1001.1056601727055
-1001.1056601727055
-1003.7531923094226
-1001.1056601727055
-1001.1056601727055
-1001.1056601727055
-1001.1056601727055
-1001.6904611733092
-1001.6904611733092
-1001.1056601727055
-1001.6904611733092
-1001.6904611733092
-1001.1056601727055
-1001.1056601727055
-1001.1056601727055
-1001.1056601727055
-1001.1056601727055
-1001.1056601727055
-1001.1056601727055
-1001.1056601727055
-1001.1056601727055
-1001.1056601727055
-1001.1056601727055
-1001.1056601727055
-1001.1056601727055
-1001.1056601727055
-1001.1056601727055
-1001.1056601727055
-1001.1056601727055
-1001.1056601727055
-1001.1056601727055
-1001.1056601727055
-1001.1056601727055
-1001.1056601727055
-1001.6904611733092
-1001.1056601727055
-1001.1056601727055
-1001.1056601727055
-1001.1056601727055
-1001.1056601727055
-1001.1056601727055
-1001.1056601727055
-1001.1056601727055
-1001.1056601727055
-1001.1056601727055
-1001.1056601727055
-1001.1056601727055
-1001.1056601727055
-1001.1056601727055
-1001.1056601727055
-1001.1056601727055
-1001.1056601727055
-1001.1056601727055
-1001.1056601727055
-1001.1056601727055
-1001.1056601727055
-1001.1056601727055
-1001.1056601727055
-1001.1056601727055
-1001.1056601727055
-1001.1056601727055
-1001.6905615911282
-1001.1056601727055
-1001.1056601727055
-1001.1056601727055
-1001.1056601727055
-1001.1056601727055
-1001.6904611733092
-1001.1056601727055
-1001.1056601727055
-1001.6904611733092
-1001.6904611733092
-1001.1056601727055
-1001.1056601727055
-1001.6904611733092
-1001.6904611733092
-1001.1056601727055
-1001.1056601727055
-1001.1056601727055
-1001.1056601727055
-1001.1056601727055
-1001.1056601727055
-1001.1056601727055
-1001.1056601727055
-1001.1056601727055
-1001.1056601727055
-1001.1056601727055
-1001.690604037875
-1001.1056601727055
-1001.1056601727055
-1001.1056601727055
-1001.1056601727055
-1001.1056601727055
-1001.1056601727055
-1001.1056601727055
-1001.1056601727055
-1001.1056601727055
-1001.1056601727055
-1001.6906216381119
-1001.1056601727055
-1001.1056601727055
-1001.1056601727055
-1001.1056601727055
-1001.1056601727055
-1001.1056601727055
-1001.1056601727055
-1001.1056601727055
-1001.1056601727055
-1001.1056601727055
-1001.1056601727055
-1001.1056601727055
-1001.1056601727055
-1002.2630071136279
-1001.1056601727055
-1001.1056601727055
-1001.1056601727055
-1001.1056601727055
-1001.1056601727055
-1001.1056601727055
-1001.1056601727055
-1001.1056601727055
-1001.1056601727055
-1001.1056601727055
-1001.1056601727055
-1001.1056601727055
-1003.4454780810947
-1001.1056601727055
-1001.1056601727055
-1001.1056601727055
-1001.1056601727055
-1001.1056601727055
-1001.1056601727055
-1001.1056601727055
-1001.1056601727055
-1001.1056601727055
-1001.1056601727055
-1001.1056601727055
-1001.1056601727055
-1001.1056601727055
-1001.1056601727055
-1001.1056601727055
-1001.1056601727055
-1001.1056601727055
-2.2755820682043013
-1001.1056601727055
-1001.1056601727055
-1001.1056601727055
-1001.1056601727055
-1001.1056601727055
-1001.1056601727055
-1001.1056601727055
-1001.1056601727055
-1001.1056601727055
-1001.1056601727055
-1001.1056601727055
-1001.1056601727055
-1001.1056601727055
-1001.1056601727055
-1001.1056601727055
-1001.1056601727055
-1001.1056601727055
-1001.1056601727055
-1001.1056601727055
-1001.1056601727055
-1001.1056601727055
-1001.1056601727055
-1001.1056601727055
-1001.1056601727055
-1001.1056601727055
-1001.1056601727055
-1001.1056601727055
-1001.6904611733092
-1001.6904611733092
-1001.6904611733092
-1001.6906206027979
-1001.1056601727055
-1001.6906185321722
-1001.1056601727055
-1001.6904611733092
-1001.6904611733092
-1001.6904611733092
-1001.6904611733092
-1001.1056601727055
-1001.1056601727055
-1001.1056601727055
-1005.4719817586771
-1001.1056601727055
-1001.1056601727055
-1001.6904611733092
-1001.1056601727055
-1001.6904611733092
-1001.1056601727055
-1001.1056601727055
-1001.1056601727055
-1001.6904611733092
-1001.1056601727055
-1001.1056601727055
-1001.1056601727055
-1001.1056601727055
-1001.1056601727055
-1001.1056601727055
-1001.1056601727055
-1001.1056601727055
-1001.1056601727055
-1001.6906185321722
-1001.1056601727055
-1001.1056601727055
-1001.1056601727055
-1001.6904611733092
-1001.1056601727055
-1001.1056601727055
-1001.1056601727055
-1001.6904611733092
-1001.1056601727055
-1001.1056601727055
-1002.4528713878002
-1001.1056601727055
-1001.6906185321722
-1001.1056601727055
-1001.1056601727055
-1002.2755292681757
-1001.1056601727055
-1001.1056601727055
-1001.1056601727055
-1001.1056601727055
-1001.1056601727055
-1001.1056601727055
-1001.1056601727055
-1001.1056601727055
-1002.4839477995567
-1001.1056601727055
-1001.1056601727055
-1001.1056601727055
-1001.1056601727055
-1003.5293596402922
-1001.1056601727055
-1001.1056601727055
-1001.1056601727055
-1001.1056601727055
-1003.0819556626396
-1002.992218254288
-1001.1056601727055
-1001.1056601727055
-1001.1056601727055
-1001.1056601727055
-1001.1056601727055
-1001.1056601727055
-1001.1056601727055
-1001.1056601727055
-1001.1056601727055
-1002.8479219910649
-1001.1056601727055
-1001.1056601727055
-1001.1056601727055
-1001.1056601727055
-1001.1056601727055
-1001.1056601727055
-1002.2755799975771
-1001.6906216381119
-1001.1056601727055
-1001.1056601727055
-1001.1056601727055
-1001.1056601727055
-1002.2755810328911
-1001.1056601727055
-1001.1056601727055
-1001.1056601727055
-1001.1056601727055
-1001.6906216381119
-1001.1350089231659
-1001.1056601727055
-1002.5584807162267
-1001.1056601727055
-1001.1056601727055
-1001.1056601727055
-1001.1056601727055
-1001.1056601727055
-1001.1056601727055
-1001.1056601727055
-1001.1056601727055
-1001.1056601727055
-1001.1056601727055
-1001.1056601727055
